 ［数値実施］
単位 mm
面データ
surface no   r        d      nd         νd       θgF
1        142.636   10.36   1.61800    63.40    0.5395          
2        803.414   87.02                                       
3         64.050   11.52   1.43387    95.10    0.5373          
4      -4275.797    0.53                                       
5       -789.539    1.20   1.80610    33.27    0.5881          
6         61.251    0.25                                       
7         55.129    9.48   1.43387    95.10    0.5373          
8        293.161    5.47                                       
9         67.158    3.97   1.89286    20.36    0.6393          
10        114.029    0.15                                       
11         47.312    1.40   1.83481    42.74    0.5648          
12         30.444   10.09   1.43875    94.66    0.5340          
13        113.939    5.13                                       
14(絞り)    ∞       3.69                                       
15        567.430    1.20   1.60300    65.44    0.5401          
16         43.779   16.52                                       
17         93.335    1.20   1.89286    20.36    0.6393          
18         58.681    4.90   1.49700    81.54    0.5375          
19       -115.284    5.67                                       
20         80.365    4.02   1.85025    30.05    0.5979          
21        -65.106    1.20   1.62299    58.16    0.5458          
22         28.801    4.48                                       
23        -49.796    1.20   1.77250    49.60    0.5520          
24         83.318    3.95                                       
25         94.977    2.93   1.69895    30.13    0.6030          
26       -154.696    5.82                                       
27         59.250    1.20   1.94595    17.98    0.6544          
28         40.611    6.51   1.66565    35.64    0.5824          
29       -262.154    4.96                                       
30          ∞       2.20   1.51633    64.14    0.5353          
31          ∞      58.94                                       
