Surface No.	r	d	nd	νd
1	142.636	10.36	1.61800	63.40
2	803.414	87.02
3	64.050	11.52	1.43387	95.10
4	-4275.797	0.53
5	-789.539	1.20	1.80610	33.27
6	61.251	0.25
7	55.129	9.48	1.43387	95.10
8	293.161	5.47
9	67.158	3.97	1.89286	20.36
10	114.029	0.15
11	47.312	1.40	1.83481	42.74
12	30.444	10.09	1.43875	94.66
13	113.939	5.13
14	∞	3.69
15	567.430	1.20	1.60300	65.44
16	43.779	16.52
17	93.335	1.20	1.89286	20.36
18	58.681	4.90	1.49700	81.54
19	-115.284	5.67
20	80.365	4.02	1.85025	30.05
21	-65.106	1.20	1.62299	58.16
22	28.801	4.48
23	-49.796	1.20	1.77250	49.60
24	83.318	3.95
25	94.977	2.93	1.69895	30.13
26	-154.696	5.82
27	59.250	1.20	1.94595	17.98
28	40.611	6.51	1.66565	35.64
29	-262.154	4.96
30	∞	2.20	1.51633	64.14
31	∞	58.94
