［数値実施例３］
単位 mm
面データ
Surface No.       r        d      nd         νd       diameter    θgF   ΔθgF
1	302.631	13.68	1.53172	48.8	141.98
2	-1528.554	150.00	1.00027717	89.3	141.38	0.5	0.05
3	111.159	17.83	1.43387	95.1	91.72	0.5373	0.0534
4	-262.152	0.30	1.00027717	89.3	89.76	0.5	0.05
5	-272.660	3.80	1.73800	32.3	89.31
6	128.018	0.50	1.00027717	89.3	84.42	0.5	0.05
7	82.578	13.73	1.43387	95.1	84.07	0.5373	0.0534
8	648.537	62.47	1.00027717	89.3	82.66	0.5	0.05
9	∞	1.50	1.00027717	89.3	51.15	0.5	0.05
10	74.152	9.64	1.80809	22.8	48.30
11	-92.697	1.50	1.90315	29.8	46.76
12	56.781	(variable)	1.00027717	89.3	42.24	0.5	0.05
13	100.319	1.80	1.80809	22.8	29.08
14	56.270	4.40	1.90366	31.3	28.33
15	157.977	(variable)	1.00027717	89.3	27.36	0.5	0.05
16	69.858	4.69	1.85478	24.8	25.00
17	-79.548	1.62	1.76385	48.5	23.95
18	39.816	2.99	1.00027717	89.3	23.03	0.5	0.05
19	-78.851	1.57	1.91082	35.3	23.10
20	119.107	3.02	1.00027717	89.3	23.76	0.5	0.05
21	122.941	4.72	1.51633	64.1	25.73
22	-49.179	2.56	1.00027717	89.3	26.47	0.5	0.05
23	-43.755	1.70	1.76385	48.5	26.94
24	-95.999	22.67	1.00027717	89.3	28.05	0.5	0.05
25	218.669	8.46	1.73800	32.3	39.79
26	-43.667	1.90	1.92286	18.9	40.29
27	-79.787	85.94	1.00027717	89.3	41.38	0.5	0.05
像面        ∞

各種データ
焦点距離     584.98
Fナンバー      4.12
半画角         2.12
像高          21.64
レンズ全長   476.10
BF            85.94
Various Data
         ∞     -0.14倍
d12           48.06       4.82
d15           5.05       48.29

入射瞳位置     618.32
射出瞳位置    -265.10
前側主点位置   228.49
後側主点位置  -499.04

レンズ群データ
群  始面    焦点距離  レンズ構成長  前側主点位置  後側主点位置
1	1	492.97	274.95	-443.17	-343.41
2	13	238.41	6.20	-4.10	-7.28
3	16	-1576.39	55.91	-594.87	-1036.81

単レンズデータ
レンズ  始面  焦点距離
1	1	476.33
2	3	182.55
3	5	-117.57
4	7	216.51
5	10	52.33
6	11	-38.80
7	13	-161.53
8	14	94.77
9	16	44.15
10	17	-34.54
11	19	-51.89
12	21	68.67
13	23	-106.76
14	25	50.01
15	26	-107.23
【００６１】
