［数値データ４］
単位 mm
面データ
Surface No.       r        d      nd         νd       θgF
1        285.176   12.69   1.59349    67.00    0.5361          
2      -4767.657  161.04                                       
3        122.017   15.58   1.43387    95.10    0.5373          
4       -233.175    0.00                                       
5       -238.384    1.60   1.80610    33.27    0.5881          
6        141.021    0.15                                       
7         93.182   10.34   1.43387    95.10    0.5373          
8        377.979   45.03                                       
9         80.811    5.76   1.84666    23.88    0.6218          
10        182.524    0.15                                       
11        120.397    2.00   1.80420    46.50    0.5572          
12         44.703   13.45   1.43700    95.10    0.5326          
13        642.625   15.35                                       
14    ∞        3.49                                       
15        491.750    1.60   1.59349    67.00    0.5361          
16         62.367   38.06                                       
17        325.083    1.50   1.89286    20.36    0.6393          
18         59.275    4.64   1.73800    32.26    0.5899          
19       -214.466    1.00                                       
20         74.220    4.00   1.80518    25.46    0.6156          
21       -119.987    1.30   1.59349    67.00    0.5361          
22         41.290    4.13                                       
23       -102.097    1.30   1.81600    46.62    0.5568          
24         85.886    3.79                                       
25         68.860    5.13   1.85478    24.80    0.6122          
26       2687.062   30.08                                       
27         99.601    9.53   1.66565    35.64    0.5824          
28        -56.296    1.50   1.89286    20.36    0.6393          
29        979.304    5.25                                       
30          ∞       2.20   1.51633    64.14    0.5353          
31          ∞      73.90                                       
像面        ∞   
【００６５】
各種データ

焦点距離     588.00  
Fナンバー      4.12  
半画角（度）   2.11  
像高          21.64  
レンズ全長   474.78  
BF            80.59  

レンズ群データ
群  始面    焦点距離  
1    1     237.94  
2   15    -120.51  
3   17    -47873.47  
https://www.j-platpat.inpit.go.jp/c1800/PU/JP-2020-013166/D9ACFA658EC1A1F31196296F5F18BA25546FB2D32EA069BBBF61230DEF609430/11/ja
