Surface No.	r	d	nd	νd
1	303.500	14.27	1.48749	70.2
2	-1119.197	125.00	141.42
3	133.848	18.28	1.43387	95.1
4	-278.409	1.00	98.74
5	-272.653	4.45	1.67300	38.1
6	341.744	7.63	93.96
7	85.208	13.41	1.43387	95.1
8	451.394	1.00	86.17
9	68.525	5.00	1.51742	52.4
10	52.234	(variable)	70.88
11	477.269	7.06	1.80809	22.8
12	-180.144	2.60	1.85025	30.1
13	158.963	(variable)	60.68
14	∞	6.99	43.66
15	1790.868	1.90	1.83481	42.7
16	53.608	8.55	1.59522	67.7
17	-120.253	17.05	39.67
18	99.470	4.03	1.80518	25.4
19	-110.952	1.62	1.62299	58.2
20	41.547	4.33	28.91
21	-68.903	1.57	1.77250	49.6
22	209.179	3.12	29.01
23	99.162	3.52	1.73800	32.3
24	-277.851	48.07	29.67
25	161.753	6.28	1.73800	32.3
26	-73.339	1.90	1.92286	18.9
27	-283.372	93.89	40.13
像面	∞

各種データ
焦点距離	584.99
Fナンバー	4.12
半画角	2.12
像高	21.64
レンズ全長	476.09
BF	93.89
Various	Data
∞	-0.14倍
d10	22.54	47.33
d13	51.04	26.25

入射瞳位置	786.58
射出瞳位置	-161.90
前側主点位置	33.70
後側主点位置	-491.10

レンズ群データ
群	始面	焦点距離	レンズ構成長	前側主点位置
1	1	241.29	190.04	75.74
2	11	-260.30	9.66	7.63
3	14	-13347.44	108.92	-4161.70

単レンズデータ
レンズ	始面	焦点距離
1	1	491.38
2	3	211.17
3	5	-224.69
4	7	239.44
5	9	-474.28
6	11	162.62
7	12	-98.97
8	15	-66.23
9	16	63.46
10	18	65.70
11	19	-48.32
12	21	-66.93
13	23	99.42
14	25	69.16
15	26	-107.69
【００６２】
