［数値データ４］
単位 mm
面データ
Surface No.       r        d      nd         νd       θgF rad
1	285.176	12.69	1.59349	67.00	0.5361  73
2	-4767.657	161.04	1.00027717	89.3	0.5 73
3	122.017	15.58	1.43387	95.10	0.5373 45
4	-233.175	0.00	1.00027717	89.3	0.5 45
5	-238.384	1.60	1.80610	33.27	0.5881  44
6	141.021	0.15	1.00027717	89.3	0.5 44
7	93.182	10.34	1.43387	95.10	0.5373  44
8	377.979	45.03	1.00027717	89.3	0.5 44
9	80.811	5.76	1.84666	23.88	0.6218  35
10	182.524	0.15	1.00027717	89.3	0.5 35
11	120.397	2.00	1.80420	46.50	0.5572  32.5
12	44.703	13.45	1.43700	95.10	0.5326  30.5
13	642.625	15.35	1.00027717	89.3	0.5 30.5
14	∞	3.49	1.00027717	89.3	0.5 30.5
15	491.750	1.60	1.59349	67.00	0.5361  27
16	62.367	38.06	1.00027717	89.3	0.5 25
17	325.083	1.50	1.89286	20.36	0.6393  17.5
18	59.275	4.64	1.73800	32.26	0.5899  17.5
19	-214.466	1.00	1.00027717	89.3	0.5 17.5
20	74.220	4.00	1.80518	25.46	0.6156  16
21	-119.987	1.30	1.59349	67.00	0.5361  16
22	41.290	4.13	1.00027717	89.3	0.5 15.3
23	-102.097	1.30	1.81600	46.62	0.5568  15.3
24	85.886	3.79	1.00027717	89.3	0.5 15
25	68.860	5.13	1.85478	24.80	0.6122  16
26	2687.062	30.08	1.00027717	89.3	0.5 16
27	99.601	9.53	1.66565	35.64	0.5824  18.4
28	-56.296	1.50	1.89286	20.36	0.6393  18.4
29	979.304	5.25	1.00027717	89.3	0.5 18.4
30	∞	2.20	1.51633	64.14	0.5353  23
31	∞	73.90	1.00027717	89.3	0.5 23
像面        ∞   
【００６５】
各種データ

焦点距離     588.00  
Fナンバー      4.12  
半画角（度）   2.11  
像高          21.64  
レンズ全長   474.78  
BF            80.59  

レンズ群データ
群  始面    焦点距離  
1	1	237.94	1.00027717	89.3	0.5
2	15	-120.51	1.00027717	89.3	0.5
3	17	-47873.47	1.00027717	89.3	0.5
https://www.j-platpat.inpit.go.jp/c1800/PU/JP-2020-013166/D9ACFA658EC1A1F31196296F5F18BA25546FB2D32EA069BBBF61230DEF609430/11/ja
