[Specification data]
f = 780.00
FNO = 5.658
2ω	=	3.147	1.00027717	89.3
Y = 21.63
TL = 499.319
BF = 52.854
[Lens data]
Surface number r d nd νd    rad
1	1200.37040	5.000	1.51680	64.07   72
2	1199.78970	1.000	1.00027717	89.3    72
3	188.55410	21.100	1.43382	95.13   70
4	-915.97610	20.000	1.00027717	89.3    70
5	182.42940	17.100	1.43382	95.13   66
6	-1837.13480	3.320	1.00027717	89.3    66
7	-833.52520	7.500	1.72000	50.17   66
8	422.38390	75.000	1.00027717	89.3    64
9	128.82580	6.500	1.69680	55.58   45
10	65.12300	16.500	1.49782	82.53   42
11	266.75830	(variable)	1.00027717	89.3    40
12	-998.68610	3.500	1.79952	42.08   25
13	114.89280	3.095	1.00027717	89.3    23
14	-354.68110	5.500	1.79504	28.70   23
15	-67.48200	3.500	1.69680	55.58   23
16	300.95930	(variable)	1.00027717	89.3    25
17	113.34170	6.600	1.48749	70.36   25.5
18	-113.31600	3.200	1.79504	28.70   25.5
19	infinity	2.250	1.00027717	89.3    25.5
20	184.71460	4.700	1.51823	58.80   26
21	-184.71460	40.750	1.00027717	89.3    26
22	infinity	21.930	1.00027717  89.3    24
23	-131.42670	2.000	1.69680	55.58   15
24	76.06800	1.545	1.00027717	89.3    15
25	-1181.71180	6.000	1.58144	40.96   14.5
26	-29.15900	2.000	1.49782	82.53   14.5
27	150.96470	5.220	1.00027717	89.3    15
28	87.50290	7.000	1.60342	37.96   17
29	-36.25600	2.000	1.85026	32.36   17
30	-271.49430	9.000	1.00027717	89.3    18.5
31	infinity	2.000	1.51680	63.88   22
32	infinity	9.000	1.00027717	89.3    22
33	88.26210	6.000	1.51742	52.25   21
34	-88.26210	34.800	1.00027717	89.3    21
35	-1661.87450	5.400	1.48749	70.36   18.5
36	-42.05200	2.000	1.81600	46.56   18.5
37	68.29500	4.300	1.58144	40.96   18.5
38	-1200.99590	52.854	1.00027717	89.3    18.5
Variable data
Infinite focus state Intermediate shooting distance state Closest shooting distance state
f = 780.000 β = -0.033 β = -0.155
d11 52.967 56.441 69.174
d16 27.187 23.713 10.980
[Conditional expression values]
Conditional expression (1) f / fFL = 0.21
Conditional expression (2) f / f1 = 2.73
Conditional expression (3) νdn = 82.5
https://patents.google.com/patent/JP2013250293A/en
