Fourth Example
[Overall Specifications]
f	587.80
FNO	4.08
2ω	4.19
Y	21.60
TL	469.10
Air converted TL	468.59
BF	82.77
Air converted BF	82.26
[Surface Data]
Surface Number	r	d	nd	νd  rad
1	1200.5127	5.00	1.51680	63.88   73.5
2	1199.6476	1.00	1.00027717	89.3    73.5
3	225.0000	16.40	1.43385	95.25   73
4	−1939.6468	80.00	1.00027717	89.3    73
5	161.4252	16.60	1.43385	95.25   58
6	−625.3189	2.15	1.00027717	89.3    58
7	−566.2858	6.00	1.61266	44.46   56
8	350.3515	104.80	1.00027717	89.3    56
9	70.3762	3.50	1.77250	49.62   33
10	47.5154	10.80	1.49782	82.57   31
11	243.3331	(variable)	1.00027717	89.3    31
12	∞	3.00	1.92286	20.88   30
13	−206.7820	2.50	1.83481	42.73   30
14	82.7523	(variable)	1.00027717	89.3    30
15	∞	13.20	1.00027717	89.3    20
16	125.8462	1.80	1.90265	35.73   17
17	46.6040	6.00	1.59319	67.90   17
18	−146.6583	10.00	1.00027717	89.3    17
19	−252.0989	3.20	1.78472	25.72   17
20	−68.0010	2.00	1.49782	82.57   17
21	67.9727	1.70	1.00027717	89.3    17
22	∞	1.80	1.81600	46.59   15
23	75.4444	4.50	1.00027717	89.3    15
24	46.9590	7.40	1.61266	44.46   18
25	−46.9590	1.15	1.00027717	89.3    18
26	−46.2240	1.70	1.92286	20.88   17.6
27	−75.1558	7.40	1.00027717	89.3    17.6
28	−59.2874	2.45	1.59319	67.90   18.
29	42.6190	1.95	1.00027717	89.3    18.
30	51.7215	5.40	1.67003	47.14   18.5
31	−154.5582	6.15	1.00027717	89.3    18.5
32	∞	1.50	1.51680	63.88   23
33	∞	75.12	1.00027717	89.3    23
Image Surface	∞
Variable Data
Infinite	Close-up Shooting Distance
forβ	587.801	−0.145
d11	17.545	33.104
d14	45.385	29.826
[Lens Group Data]
Group	Starting Surface	f
1	1	230.74	1.00027717	89.3
2	12	−103.56	1.00027717	89.3
3	16	692.82	1.00027717	89.3

https://patents.google.com/patent/US20180031811A1/en
