NUMERICAL EXAMPLE 4
[0060]
UNIT: mm
Surface Data
Surface No.	r	d	nd	νd	rad
 1	318.412	9.60	1.48749	70.2	60
 2	−861.108	0.50	1.00027717	89.3	60
 3	150.245	12.24 	1.43387	95.1	58
 4	9401.300	7.00	1.00027717	89.3	58
 5	111.079	14.21 	1.49700	81.5	51
 6	−1731.157	0.20	1.00027717	89.3	51
 7	−1429.819	2.40	1.61340	44.3	51
 8	100.324	(Variable)	1.00027717	89.3	44
 9	−6502.891	1.80	1.58144	40.8	25
10	58.931	7.68	1.00027717	89.3	21
11	−110.449	1.60	1.49700	81.5	20
12	198.706	0.30	1.00027717	89.3	22.5
13	101.587	5.82	1.85478	24.8	23.5
14	−370.711	1.60	1.00027717	89.3	23.5
15	−131.451	1.60	1.76385	48.5	23.5
16	885.349	(Variable)	1.00027717	89.3	23.5
17	139.669	5.94	1.49700	81.5	25
18	−250.111	0.50	1.00027717	89.3	25
19	79.286	9.55	1.49700	81.5	25
20	−110.681	1.80	1.78590	44.2	25
21	168.957	0.50	1.00027717	89.3	25
22	67.931	6.88	1.49700	81.5	25
23	8851.483	3.89	1.00027717	89.3	25
24	∞	17.94	1.00027717	89.3	20
25	18059.683	4.63	1.84666	23.8	20
26	−78.373	1.50	1.72342	38.0	20
27	50.231	3.73	1.00027717	89.3	18
28	86.093	1.50	1.89286	20.4	18.5
29	49.267	6.22	1.72916	54.7	18.5
30	−265.136	0.30	1.00027717	89.3	18.5
31	77.830	2.83	1.80400	46.5	18
32	190.511	1.50	1.00027717	89.3	18
33	38.860	2.83	1.65160	58.5	17.5
34	55.133	(Variable)	1.00027717	89.3	17
35	334.840	2.79	1.89286	20.4	16
36	−158.150	1.50	1.77250	49.6	16
37	46.681	(Variable)	1.00027717	89.3	15.2
38	57.104	1.50	1.75500	52.3	15.2
39	39.022	(Variable)	1.00027717	89.3	14.6
40	74.395	11.11 	1.58313	59.4	20
41*	−70.264	8.49	1.00027717	89.3	20
42	−46.660	1.40	1.64769	33.8	19
43	−141.783	35.45	1.00027717	89.3	20.5
Image Plane	∞
Aspheric Data
41st Surface
K = 0.00000e+00 A 4 = −1.73775e−06 A 6 = 1.43818e−10 A 8 = −1.24546e−12 A 10 = 1.73713e−15 A 12 = −5.94146e−19
Various Data
ZOOM RATIO 2.86
WIDE-ANGLE	MIDDLE	TELEPHOTO
Focal Length	103.00	167.33	295.00
FNO	2.90	2.91	2.91
Half Angle of View (°)	11.86	7.37	4.19
Image Height	21.64	21.64	21.64
Overall lens length	328.58	328.58	328.58
BF	35.45	35.45	35.45
d 8	5.83	46.30	87.14
d16	82.31	41.84	1.00
d34	6.72	9.37	4.67
d37	5.01	4.20	9.54
d39	27.90	26.05	25.41
[0061]
Table 1 below 
