Numerical Example 4
[0053]
UNIT: mm
Surface Data
Surface No.	r	d	nd	νd
1	82.715	6.98	1.84666	23.8
2	245.193	0.35
3	62.217	9.16	1.49700	81.5
4	223.597	0.55
5	56.551	10.42 	1.49700	81.5
6	799.841	3.59	1.77047	29.7
7	33.661	1.89
8	40.413	10.28 	1.49700	81.5
9	−185.049	1.90	1.77047	29.7
10	798.092	3.38
11	9999999	2.45
12	9999999	1.35	1.61800	63.4
13	38.615	24.03
14	157.599	1.25	1.92286	20.9
15	47.803	4.60	1.80400	46.5
16	−142.411	1.80
17	−295.214	2.08	1.92286	20.9
18	−73.431	0.97
19	−88.195	1.00	1.91082	35.3
20	54.928	3.89
21	40.006	9.01	1.60311	60.6
22	−50.592	1.50	1.84666	23.8
23	797.299	4.02
24	197.831	6.50	2.00069	25.5
25	−52.908	1.50
26	−59.824	1.60	1.65844	50.9
27	31.679	7.95	1.80518	25.5
28	207.181	8.55
29	−28.564	1.60	1.58913	61.1
30	−50.386	12.63 
31	9999999	1.50	1.51633	64.1
32	9999999	0.80
Image Plane	∞
Focal Length	130.95
FNO	1.86
Half Angle of View (°)	9.38
Image Height	21.64
Overall lens length	148.55
BF	14.42
In-Focus on Infinity Object	In-Focus on Closest Object
d11	2.45	20.66
d13	24.03	5.82
