Numerical Example 2
[0065]
UNIT mm
Surface data
surface number	r	d	nd	νd	θgF
1	119.358	7.73	1.49700	81.54	0.5375
2	1275.564	0.20	1.00027717	89.3	0.5
3	135.831	2.70	1.61340	44.27	0.5633
4	64.613	10.40	1.43875	94.66	0.5340
5	613.372	(variable)	1.00027717	89.3	0.5
6	677.114	1.50	1.69680	55.53	0.5434
7	59.396	4.31	1.00027717	89.3	0.5
8	−57.692	1.50	1.49700	81.54	0.5375
9	72.706	3.01	1.76182	26.52	0.6136
10	663.179	(variable)	1.00027717	89.3	0.5
11	51.886	6.54	1.49700	81.54	0.5375
12	−93.065	0.20	1.00027717	89.3	0.5
13	55.544	5.65	1.59270	35.31	0.5933
14	−76.962	1.80	1.95375	32.32	0.5898
15	93.608	5.00	1.00027717	89.3	0.5
16	∞	(variable)	1.00027717	89.3	0.5
17	−38.443	1.10	1.49700	81.54	0.5375
18	−176.882	(variable)	1.00027717	89.3	0.5
19	−332.898	4.01	1.68893	31.07	0.6004
20	−39.041	0.20	1.00027717	89.3	0.5
21	109.930	4.88	1.51823	58.90	0.5457
22	−35.252	1.30	2.05090	26.94	0.6054
23	−212.824	0.20	1.00027717	89.3	0.5
24	46.370	3.41	1.49700	81.54	0.5375
25	∞	(variable)	1.00027717	89.3	0.5
26	119.406	2.86	1.64769	33.79	0.5938
27	−76.832	1.20	1.77250	49.60	0.5520
28	38.643	(variable)	1.00027717	89.3	0.5
29	57.241	5.79	1.48749	70.23	0.5300
30	−74.354	(variable)	1.00027717	89.3	0.5
31	−92.834	1.40	1.59282	68.63	0.5446
32	46.355	4.59	1.00027717	89.3	0.5
33	−64.622	1.40	1.49700	81.54	0.5375
34	61.474	4.87	1.72047	34.71	0.5834
35	−208.837	(variable)	1.00027717	89.3	0.5
36	∞	1.00	1.51633	64.14	0.5353
37	∞	1.00	1.00027717	89.3	0.5
image plane	∞
VARIOUS DATA
Zoom ratio 4.76
wide-angle	middle	Telephoto
Focal length	103.00	225.00	490.00
F-number	4.60	5.16	7.20
Half angle of view (degree)	11.86	5.49	2.53
Image height	21.64	21.64	21.64
Overall lens length	221.52	284.18	311.52
BF	21.14	32.09	63.57
d 5	7.56	70.22	97.56
d10	27.18	20.78	1.30
d16	12.74	21.19	26.16
d18	15.60	7.14	2.17
d25	15.53	7.98	2.30
d28	14.98	22.53	28.21
d30	19.04	14.49	2.50
d35	19.48	30.43	61.91
LENS UNIT DATA
Unit	Starting surface	Focal length
1	1	202.77	1.00027717	89.3	0.5
2	6	−58.58	1.00027717	89.3	0.5
3	11	82.07	1.00027717	89.3	0.5
4	17	−99.09	1.00027717	89.3	0.5
5	19	48.05	1.00027717	89.3	0.5
6	26	−62.75	1.00027717	89.3	0.5
7	29	67.32	1.00027717	89.3	0.5
8	31	−51.29	1.00027717	89.3	0.5
SINGLE LENS DATA
Lens	Starting surface	Focal length
1	1	264.36	1.00027717	89.3	0.5
2	3	−203.84	1.00027717	89.3	0.5
3	4	163.66	1.00027717	89.3	0.5
4	6	−93.53	1.00027717	89.3	0.5
5	8	−64.48	1.00027717	89.3	0.5
6	9	106.95	1.00027717	89.3	0.5
7	11	68.05	1.00027717	89.3	0.5
8	13	55.31	1.00027717	89.3	0.5
9	14	−44.06	1.00027717	89.3	0.5
10	17	−99.09	1.00027717	89.3	0.5
11	19	63.84	1.00027717	89.3	0.5
12	21	52.11	1.00027717	89.3	0.5
13	22	−40.36	1.00027717	89.3	0.5
14	24	93.30	1.00027717	89.3	0.5
15	26	72.60	1.00027717	89.3	0.5
16	27	−33.13	1.00027717	89.3	0.5
17	29	67.32	1.00027717	89.3	0.5
18	31	−51.96	1.00027717	89.3	0.5
19	33	−63.16	1.00027717	89.3	0.5
20	34	66.42	1.00027717	89.3	0.5

