https://www.j-platpat.inpit.go.jp/c1800/PU/JP-2023-135181/91E1926B416869D20AAB57E3FB3E3ACB3800FD897EAA20DFD38F8C9AC2E4613A/11/ja
【００５９】
［数値実施例２］
単位 mm
面データ
面番号       ｒ       ｄ      ｎｄ     νｄ
1        208.809    8.93   1.49700    81.5
2       -664.313   59.70
3        121.285    9.03   1.49700    81.5
4       -275.727    3.15   1.61340    44.3
5        180.051  (可変)
6       -448.212    1.85   1.90043    37.4
7        122.750    2.80
8        -99.147    1.75   1.65160    58.5
9         93.002    4.10   1.80000    29.8
10       -257.065  (可変)
11        324.542    2.59   1.49700    81.5
12       -474.853    0.17
13         43.097    5.44   1.49700    81.5
14        200.512   31.41
15         38.782    5.26   1.67270    32.1
16        -65.741    1.79   1.95375    32.3
17         31.230    4.74
18(絞り)    ∞       1.61
19         58.971    1.34   2.00100    29.1
20         35.384    3.82   1.48749    70.2
21       -553.969    0.32
22         31.885    3.31   1.62004    36.3
23        172.923  (可変)
24         91.585    2.41   1.63980    34.5
25       -102.721    1.12   1.87070    40.7
26         37.388  (可変)
27        297.821    1.62   1.76385    48.5
28         70.624   10.20
29         89.659    1.61   1.92286    20.9
30         42.064    6.26   1.72047    34.7
31        -46.820  (可変)
32        -61.462    1.53   1.49700    81.5
33         36.536    2.39   1.85478    24.8
34         54.437  (可変)
像面        ∞

各種データ
  ズーム比      3.76
              広角     中間     望遠
焦点距離     206.12   400.00   775.86
Fナンバー     5.83     7.10     9.00
画角           5.99     3.10     1.60
像高          21.64    21.64    21.64
レンズ全長   330.40   393.62   420.40
BF            37.97    60.16   109.57

d 5            7.82    71.03    97.82
d10           50.12    39.94     2.50
d23           20.02    10.99     2.85
d26            7.67    16.69    24.83
d31           26.56    14.54     2.57
d34           37.97    60.16   109.57

ズームレンズ群データ
群  始面    焦点距離
1    1     284.03
2    6     -90.15
3   11      75.47
4   24     -54.88
5   27      69.21
6   32     -71.39

