Numerical Example 5
UNIT mm
Surface data
Surface number	r	d	nd	νd	rad
 1	49.651	2.30	1.95375	32.3	26
 2	28.911	5.86	1.00027717	89.3	22.6
 3	51.892	2.00	1.49700	81.5	22.6
 4	25.028	19.73	1.00027717	89.3	19
 5	75.177	3.82	1.96300	24.1	18
 6	−158.590	4.99	1.00027717	89.3	18
 7	129.634	1.35	1.58913	61.1	14.4
 8*	38.445	7.53	1.00027717	89.3	14.4
 9	−24.233	1.35	1.54814	45.8	14.4
10	10583.932	5.31	1.81600	46.6	17
11	−30.697	0.57	1.00027717	89.3	17
12	280.770	1.35	1.96300	24.1	17.1
13	35.893	7.05	1.75500	52.3	17.1
14	−56.869	0.50	1.00027717	89.3	17.1
15 	∞	(variable)	1.00027717	89.3	17
16	54.234	2.08	2.00100	29.1	17
17	120.611	0.10	1.00027717	89.3	17
18	45.879	1.83	1.88300	40.8	15.8
19	74.468	(variable)	1.00027717	89.3	15.8
20	−216.115	1.35	1.84666	23.8	15.3
21	47.915	1.89	1.00027717	89.3	15.3
22	64.453	3.87	1.75500	52.3	14
23	−49.060	0.10	1.00027717	89.3	14
24	1270.290	1.35	1.84666	23.8	14
25	34.484	(variable)	1.00027717	89.3	15.3
26	35.823	5.16	1.95906	17.5	15.3
27	−76.181	0.10	1.00027717	89.3	15.3
28	−138.490	1.35	1.92286	18.9	14.5
29	31.557	0.10	1.00027717	89.3	14.5
30	31.557	2.99	1.43875	94.7	14
31	83.354	2.92	1.00027717	89.3	14
32*	−1220.372	1.35	1.58913	61.1	16
33	5062.602	15.79	1.00027717	89.3	17
image plane	∞
ASPHERIC DATA
8th surface
K = 0.00000e+000	A 4 = 5.94965e−006	A 6 = 5.83946e−009	A 8 = −8.69553e−012
32th surface
K = 0.00000e+000	A 4 = −2.63191e−005	A 6 = −2.56780e−008	A 8 = −6.41782e−011
VARIOUS DATA
Focal length	24.00
F-number	1.40
Half angle of view	42.03
Image height	21.64
Overall lens length	120.00
SK	15.79
∞	Short distance
Object distance	1.00E+30	240
d15	8.23	0.5
d19	2.16	4.79
d25	3.55	8.64
