数値実施例６
単位：mm
[面データ]
Surface No.            r             d             nd            vd rad
1	197.0787	14.2075	1.43700	95.10   62
2	-745.1275	36.8830	1.00027717	89.3    62
3	228.1856	12.5363	1.43700	95.10  55 
4	-339.2742	3.0564	1.00027717	89.3    55
5	-320.2416	3.0000	1.77250	49.62   55
6	697.5694	105.5248	1.00027717	89.3    57
7	87.4526	2.3000	1.83481	42.72   33
8	61.1024	11.4920	1.49700	81.61   31
9	532.8965	(d9)	1.00027717	89.3    31
10	831.5558	3.1995	1.84666	23.78   29
11	-631.8486	1.2000	1.77250	49.62   29
12	136.6207	(d12)	1.00027717	89.3   28 
13	∞	13.8885	1.00027717	89.3    31
14	207.0341	5.0539	1.65844	50.85   18
15	-85.8829	1.4000	1.84666	23.78   18
16	-184.4800	7.6965	1.00027717	89.3    18
17	138.0549	4.0734	1.75520	27.53   16
18	-63.7059	0.9000	1.59349	67.00  16 
19	45.4247	3.2903	1.00027717	89.3    14
20	-100.0270	0.7000	1.72916	54.67   14
21	56.6828	6.0150	1.00027717	89.3    16
22	68.6013	4.4280	1.58913	61.25   18
23	-164.3258	4.0112	1.00027717	89.3    18
24	72.0287	6.9122	1.67270	32.17   18
25	-52.9933	1.0000	1.84666	23.78   18
26	276.6982	11.0000	1.00027717	89.3    19
27	∞	1.3000	1.51680	64.20   23
28	∞	(BF)	1.00027717	89.3    23
像面                ∞
Various Data
[各種データ]
INF          3500mm
焦点距離          487.00        373.21
Fナンバー            4.12          4.12
全画角2ω            5.06          3.86
像高Y             21.63         21.63
レンズ全長         410.00        410.00
防振係数            2.39          2.39
[可変間隔データ]
INF          3500mm
#d0                 ∞     3090.0000
d9             6.0000       31.3629
d12            62.8961       37.5332
BF            76.0355       76.0355
[レンズ群データ]
群           始面        焦点距離
G1             1             227.02
G2            10            -221.99
G3            14            -672.70
G1a             1             374.91
G1b             7             313.37
G3a            14             180.14
G3b            17             -39.91
G3c            22              64.77
【０１３２】
[条件式対応値]
1	2	3	4	5	6
(1)       f1/f           0.428    0.439    0.342    0.351    0.427    0.466
(2)       f2/f          -0.380   -0.325   -0.243   -0.343   -0.438   -0.456
(3)       f3/f          -1.324   -1.485   -0.558   -0.345   -0.797   -1.381
(4)      f3a/f           0.444    0.248    0.412    0.707    1.021    0.370
(5)      f3b/f          -0.080   -0.070   -0.063   -0.066   -0.102   -0.082
(6)      f3c/f           0.125    0.125    0.098    0.104    0.152    0.133
(7)      vd1ap           95.10    95.10    95.10    95.10    95.10    95.10
(8) θgF1ap-0.6483      0.0563   0.0563   0.0563   0.0563   0.0563   0.0563
+0.0018×νd1ap
(9) θgF1an-0.6483     -0.0079  -0.0081  -0.0081  -0.0081  -0.0079  -0.0087
+0.0018×νd1an
(10)     νd1bp           68.63    68.63    68.63    68.63    68.63    81.61
(11) θgF1bp-0.6483      0.0193   0.0193   0.0193   0.0193   0.0193   0.0374
+0.0018×νd1bp
(12) θgF1bn-0.6483     -0.0047  -0.0047  -0.0047  -0.0047  -0.0047  -0.0063
+0.0018×νd1bn
(13)      D2/LT           0.518    0.472    0.533    0.543    0.496    0.524
【符号の説明】
【０１３３】
Ｇ１    第１レンズ群
Ｇ２    第２レンズ群
Ｇ３    第３レンズ群
Ｇ１ａ  第１ａレンズ群
Ｇ１ｂ  第１ｂレンズ群
Ｇ３ａ  第３ａレンズ群
Ｇ３ｂ  第３ｂレンズ群
Ｇ３ｃ  第３ｃレンズ群
Ｓ      開口絞り
ＦＬ    光学フィルター
Ｉ      像面
