https://www.j-platpat.inpit.go.jp/c1800/PU/JP-2017-032809/704588F129D9340EEF7E904796C71EF6BA73AE32BAB85D6B76692EA9A1EBA0A3/11/ja
数値実施例１
単位：mm
[面データ]
surface no. r   d   nd  vd rad
1	279.6739	14.9867	1.43700	95.10 62
2	-293.8016	36.9998	1.00027717	89.3    62
3	-198.9937	3.0000	1.80611	40.73   55
4	-898.9366	2.0010	1.00027717	89.3    57
5	202.4142	14.7159	1.43700	95.10   56
6	-393.7116	100.6465	1.00027717	89.3    56
7	100.5861	2.3000	1.72916	54.67   33
8	52.3940	12.6635	1.59282	68.62   31
9	346.3033	(variable)	1.00027717	89.3    31
10	1315.7550	3.2032	1.84666	23.78   29
11	-225.0287	1.6000	1.77250	49.62   29
12	120.9056	(variable)	1.00027717	89.3    28
13	∞	8.2693	1.00027717	89.3    31
14	370.3463	4.7840	1.65844	50.85   18
15	-58.4896	1.0000	1.84666	23.78   18
16	-139.3665	10.6788	1.00027717	89.3    18
17	83.7235	3.3809	1.75520	27.53   16
18	-90.9109	0.9000	1.59349	67.00   16
19	31.7574	4.7980	1.00027717	89.3    14
20	-70.4267	0.7000	1.72916	54.67   14
21	98.5304	5.5023	1.00027717	89.3    16
22	85.6968	8.0250	1.56732	42.84   18.5
23	-82.5675	0.2589	1.00027717	89.3    18.5
24	51.8207	6.4564	1.56732	42.84   18.5
25	-92.1162	1.0000	1.84666	23.78   18.5
26	151.0294	12.5976	1.00027717	89.3    18.8
27	∞	1.3000	1.51680	64.20   23
28	∞	75.5375	1.00027717	89.3    23
像面                ∞
[各種データ]
INF          3500mm
焦点距離          487.00        372.04
Fナンバー            4.11          4.11
全画角2ω            5.06          3.86
像高Y             21.63         21.63
レンズ全長         404.50        404.50
防振係数            2.39          2.3
variable data
INF          3500mm
#d0                 ∞     3095.4980
d9             7.5520       27.6578
d12            59.6448       39.5390
BF            75.5375       75.5375
[レンズ群データ]
群           始面        焦点距離
G1             1             208.44
G2            10            -185.05
G3            14            -644.77
G1a             1             322.29
G1b             7             328.91
G3a            14             216.22
G3b            17             -39.20
G3c            22              61.00
