数値実施例５
単位：mm
[面データ]
Surface No.            r             d             nd            vd rad
1	309.9871	16.3389	1.43700	95.10   62
2	-275.1845	36.7800	1.00027717	89.3    62
3	-197.7700	3.0000	1.80611	40.73   55
4	-862.8791	2.2987	1.00027717	89.3    57
5	203.4143	14.1181	1.43700	95.10   56
6	-474.9011	111.0570	1.00027717	89.3    56
7	103.2130	3.0000	1.72916	54.67   33
8	54.3435	13.1302	1.59282	68.62   31
9	517.9425	(d9)	1.00027717	89.3    31
10	569.5601	3.0742	1.84666	23.78   29
11	-321.9291	1.2000	1.77250	49.62   29
12	120.2215	(d12)	1.00027717	89.3    33
13	∞	3.0038	1.00027717	89.3    33
14	-322.6058	4.2151	1.65844	50.85   20
15	-70.4800	1.0000	1.84666	23.78   21
16	-126.6655	16.7285	1.00027717	89.3    22
17	81.4011	3.6432	1.75520	27.53   21
18	-144.9320	0.9000	1.59349	67.00   22
19	36.1244	3.9522	1.00027717	89.3    19
20	-102.6136	0.7000	1.72916	54.67   19
21	97.4610	8.9790	1.00027717	89.3    14
22	79.3471	4.6629	1.56732	42.84   14
23	-125.0684	0.1608	1.00027717	89.3    17
24	67.6737	6.7189	1.56732	42.84   19
25	-79.8578	1.0000	1.84666	23.78   19
26	234.9988	11.0000	1.00027717	89.3    19
27	∞	1.3000	1.51680	64.20   23
28	∞	(BF)	1.00027717	89.3    23
像面                ∞
Various Data
[各種データ]
INF          3500mm
焦点距離          487.00        368.32
Fナンバー            4.11          4.11
全画角2ω            5.06          3.98
像高Y             21.63         21.63
レンズ全長         408.00        408.00
防振係数            1.90          1.90
[可変間隔データ]
INF          3500mm
#d0                 ∞     3092.0000
d9             6.0005       28.2775
d12            54.0024       31.7254
BF            76.0355       76.0354
[レンズ群データ]
群           始面        焦点距離
G1             1             208.18
G2            10            -213.40
G3            14            -388.25
G1a             1             345.83
G1b             7             285.77
G3a            14             497.38
G3b            17             -49.43
G3c            22              74.20
