数値実施例４
  単位：mm
  [面データ]
      Surface No.            r             d             nd            vd
        1            231.3357       19.3266       1.43700         95.10
        2           -408.8762       58.0000
        3           -219.2671        4.7988       1.78590         43.93
        4          -6353.0495        2.0000
        5            211.9979       14.8561       1.43700         95.10
        6           -381.2947       93.5269
        7            122.1491        2.3000       1.72916         54.67
        8             57.6733       10.8783       1.59282         68.62
        9            294.4607          (d9)
        10           670.9370        2.4069       1.84666         23.78
        11          -833.8230        1.5000       1.77250         49.62
        12           151.3952         (d12)
     13              ∞       15.1885
        14           -99.6393        4.6339       1.56732         42.84
        15           -41.4546        1.0000       1.83481         42.72
        16           -60.7333        7.0000
        17            87.3698        3.3060       1.75520         27.53
        18          -108.6903        1.4396       1.59282         68.62
        19            42.7542        3.3513
        20           -99.0710        1.1197       1.77250         49.62
        21            91.3204        5.5000
        22            99.9115        3.3916       1.60342         38.01
        23          -245.0297        2.0000
        24            98.6661        5.6954       1.60342         38.01
        25           -54.6494        1.0000       1.80809         22.76
        26          -931.1708        6.4494
        27          -155.8755        2.5643       1.60342         38.01
        28           -68.7773        1.0000       1.80809         22.76
        29          -106.7905       56.3167
        30                 ∞        1.3000       1.51680         64.20
        31                 ∞          (BF)
       像面                ∞

Various Data
  [各種データ]
                      INF          6000mm
     焦点距離          780.00        564.45
    Fナンバー            5.76          5.76
    全画角2ω            3.16          2.56
      像高Y             21.63         21.63
    レンズ全長         499.50        499.50
     防振係数            2.75          2.75


  [可変間隔データ]
                      INF          6000mm
        d0                 ∞     5500.4979
        d9            22.5802       44.8880
       d12            69.5342       47.2264
        BF            75.5376       75.5373


  [レンズ群データ]
        群           始面        焦点距離
        G1             1             273.94
        G2            10            -267.55
        G3            14            -269.22
       G1a             1             369.78
       G1b             7             596.37
       G3a            14             551.33
       G3b            17             -51.31
       G3c            22              81.50
