https://www.j-platpat.inpit.go.jp/c1800/PU/JP-2017-032809/704588F129D9340EEF7E904796C71EF6BA73AE32BAB85D6B76692EA9A1EBA0A3/11/ja
数値実施例１
  単位：mm
  [面データ]
      surface no.            r             d             nd            vd
        1            279.6739       14.9867       1.43700         95.10
        2           -293.8016       36.9998
        3           -198.9937        3.0000       1.80611         40.73
        4           -898.9366        2.0010
        5            202.4142       14.7159       1.43700         95.10
        6           -393.7116      100.6465
        7            100.5861        2.3000       1.72916         54.67
        8             52.3940       12.6635       1.59282         68.62
        9            346.3033          (d9)
        10          1315.7550        3.2032       1.84666         23.78
        11          -225.0287        1.6000       1.77250         49.62
        12           120.9056         (d12)
     13              ∞        8.2693
        14           370.3463        4.7840       1.65844         50.85
        15           -58.4896        1.0000       1.84666         23.78
        16          -139.3665       10.6788
        17            83.7235        3.3809       1.75520         27.53
        18           -90.9109        0.9000       1.59349         67.00
        19            31.7574        4.7980
        20           -70.4267        0.7000       1.72916         54.67
        21            98.5304        5.5023
        22            85.6968        8.0250       1.56732         42.84
        23           -82.5675        0.2589
        24            51.8207        6.4564       1.56732         42.84
        25           -92.1162        1.0000       1.84666         23.78
        26           151.0294       12.5976
        27                 ∞        1.3000       1.51680         64.20
        28                 ∞          (BF)
       像面                ∞


   [各種データ]
                      INF          3500mm
     焦点距離          487.00        372.04
    Fナンバー            4.11          4.11
    全画角2ω            5.06          3.86
      像高Y             21.63         21.63
    レンズ全長         404.50        404.50
     防振係数            2.39          2.39


  [可変間隔データ]
                      INF          3500mm
        #d0                 ∞     3095.4980
        d9             7.5520       27.6578
       d12            59.6448       39.5390
        BF            75.5375       75.5375


  [レンズ群データ]
        群           始面        焦点距離
        G1             1             208.44
        G2            10            -185.05
        G3            14            -644.77
       G1a             1             322.29
       G1b             7             328.91
       G3a            14             216.22
       G3b            17             -39.20
       G3c            22              61.00

