数値実施例３
単位：mm
[面データ]
Surface No.            r             d             nd            vd
1	223.4199	19.6506	1.43700	95.10
2	-414.9195	58.0000	1.00027717	89.3
3	-213.9680	4.7988	1.78590	43.93
4	-4611.3217	2.0000	1.00027717	89.3
5	216.3799	15.2199	1.43700	95.10
6	-344.6887	91.0556	1.00027717	89.3
7	115.6324	2.3000	1.72916	54.67
8	55.2236	11.0135	1.59282	68.62
9	266.8909	(d9)	1.00027717	89.3
10	1809.6436	2.5639	1.84666	23.78
11	-332.2571	2.2394	1.77250	49.62
12	129.1855	(d12)	1.00027717	89.3
13	∞	20.8320	1.00027717	89.3
14	-226.5274	3.8448	1.56732	42.84
15	-50.7807	1.0000	1.83481	42.72
16	-77.2684	7.0000	1.00027717	89.3
17	79.8481	3.3910	1.75520	27.53
18	-112.7920	1.4396	1.59282	68.62
19	38.9858	3.6657	1.00027717	89.3
20	-92.5287	1.1197	1.77250	49.62
21	92.1075	5.5000	1.00027717	89.3
22	95.3124	3.3993	1.60342	38.01
23	-295.1898	2.0000	1.00027717	89.3
24	86.0725	6.1799	1.60342	38.01
25	-53.6086	1.0000	1.80809	22.76
26	24080.5737	2.0000	1.00027717	89.3
27	-280.5473	3.2159	1.60342	38.01
28	-65.0705	1.2000	1.80809	22.76
29	-114.1459	53.6571	1.00027717	89.3
30	∞	1.3000	1.51680	64.20
31	∞	(BF)	1.00027717	89.3
像面                ∞
Variable Data
[各種データ]
INF          6000mm
焦点距離          780.00        569.26
Fナンバー            5.75          5.75
全画角2ω            3.16          2.52
像高Y             21.63         21.63
レンズ全長         499.50        499.50
防振係数            2.75          2.75
[可変間隔データ]
INF          6000mm
#d0                 ∞     5500.4979
d9            29.2510       47.0277
d12            64.1270       46.3503
BF            75.5374       75.5374
[レンズ群データ]
群           始面        焦点距離
G1             1             266.83
G2            10            -189.40
G3            14            -435.28
G1a             1             359.30
G1b             7             583.29
G3a            14             321.33
G3b            17             -48.83
G3c            22              76.34
