数値実施例２
単位：mm
[面データ]
Surface No.            r             d             nd            vd rad
1	277.0275	21.2263	1.43700	95.10   75
2	-335.5898	44.0000	1.00027717	89.3    75
3	-220.3675	3.6000	1.78590	43.93   65
4	-1922.2641	2.0000	1.00027717	89.3    67
5	240.0018	17.7493	1.43700	95.10   66
6	-389.5080	126.2759	1.00027717	89.3    66
7	108.3853	3.0000	1.72916	54.67   37
8	56.4838	11.6548	1.59282	68.62   35
9	292.6583	(d9)	1.00027717	89.3 35
10	1711.0662	3.0671	1.84666	23.78   33
11	-247.9646	1.6800	1.77250	49.62   33
12	127.3415	(d12)	1.00027717	89.3    33
13	∞	23.7251	1.00027717	89.3    40
14	130.0125	5.8385	1.65844	50.85   18
15	-65.6132	1.0000	1.84666	23.78   18
16	-178.6198	7.0000	1.00027717	89.3    18
17	470.9643	2.7220	1.84666	23.78   16.5
18	-76.0164	1.0800	1.59349	67.00   16.5
19	52.7905	3.4780	1.00027717	89.3    15.4
20	-104.9201	0.8400	1.72916	54.67   15.4
21	66.6611	5.5364	1.00027717	89.3    16.5
22	82.5285	8.5170	1.54072	47.20   19.5
23	-94.8406	0.1500	1.00027717	89.3    19.5
24	77.2535	6.2741	1.62004	36.30   19.5
25	-79.6843	1.2000	1.84666	23.78   19.5
26	207.1350	11.0000	1.00027717	89.3    20
27	∞	1.3000	1.51680	64.20   23
28	∞	(BF)	1.00027717	89.3    23
像面                ∞
Various data
[各種データ]
INF          4500mm
焦点距離          584.99        440.96
Fナンバー            4.12          4.12
全画角2ω            4.20          3.36
像高Y             21.63         21.63
レンズ全長         466.67        466.67
防振係数            2.58          2.58
[可変間隔データ]
INF          4500mm
#d0                 ∞     4033.3272
d9            16.9918       39.8415
d12            46.9500       24.1003
BF            88.8163       88.8163
[レンズ群データ]
群           始面        焦点距離
G1             1             256.64
G2            10            -190.00
G3            14            -868.75
G1a             1             378.34
G1b             7             415.92
G3a            14             145.00
G3b            17             -41.19
G3c            22              73.12
